003291253220240701                                                            
018541459125687602343981162100000009467520240903174821020502               
014080780766242691821069865300000012627120240405113055020401               
015358271922381853167230708400000042532120241211101742031202               
010595088015892702496532645500000020017820241012054113021202               
017747037225735090663300990000000016155220240421002641030500               
018689742747414093700661285000000047678420240729183314031201               
016522618744167888292540936600000005270520240604162941020500               
014525965175113084091686765200000009135120240514111918030801               
016426237458614199221083661100000047382920240106103938020101               
018790244156132024682188179300000018439620241226093912030701               
010847505498479652033910044100000001445620240904005340030502               
019366268171221258136694691300000005324620241009142009010200               
014242545622574678053879808200000044796820240819161357010702               
011664293285557938173253986500000009387520240219145112020702               
014353051344459915378860614500000007792720240519122757011000               
010633416586587855380705012200000039960220240311002223020501               
010011379792415146026355663800000015689720240814000524010201               
019697247812244515717252700500000001564120241002142856030900               
019635692288818919795652638600000009000720241007113740030800               
012889695234762395403023904300000048790820240928120939011101               
014972886023103800549896635800000028827820240105170521010802               
014233740170626076051709635000000027570520240829081003020501               
016163610846727092539775992500000038943520240707040532020202               
018499358540313703386117829200000014779320240222054334010300               
010211308896683042278013012000000010375220240307061510010401               
015839413043510418138507536500000045101220240302020755010801               
014470477098530608006479678200000035252820241116071848030702               
019989228711723465753715556800000035143720240416212130020700               
011992306869709951608963197000000034012720240413152533010400               
018984909340996125434808786600000038190020240303203825031000               
011795159566682265470868696200000020370220240511025404030100               
015353160932021813922494200200000013648020241006004649010600               
013966719608180117751568352100000047823020240515132212031001               
015862566561935869612401216400000019592520240501065501010800               
016870482480283152338228007400000048620320241113193757020202               
010602534056051334119679352800000045340320240917051458021102               
010127034657777715890659893700000018974720240909004811030801               
018395348662529640049587648800000000470220240408025424030802               
016767228206015619225938874800000017642020240519161525021001               
010069411757754988648089230400000005104920240126142116011202               
019702986783866888477931943000000033500120240625213607020900               
016527886489910955677140790300000010294120240411002505031202               
014841399608282459828709797300000038533320241017010937010401               
017445567943426423699848385500000029301320240122215303030302               
016337923275255984597108916200000037470820240702205203021202               
011505536361200118853362126100000000482020240801221916010402               
018919205765647005182617007600000019248020240316075333010400               
015185739620775052462050890900000004527520240907194057020502               
010284118336238220277150469600000019652920240428013142010102               
017642194269164521077770622100000042567020240905210839010502               
017919208490311949095307062100000029875920240326222708010402               
014638329385131608207332914000000033959820240910162926010300               
014888257817438877662235837900000032029220240930212756010900               
012868930834364880252893983500000028296220241010225918020600               
016626514786672924044367225300000002448520240909093051020701               
018735274844985269945963139400000034719620240909214649030302               
012520636718770375844053616800000028057820241231140604010300               
013030083674064479987371882800000024236020241117162904030800               
012956371953524474776014606000000019101520241216090819021201               
015038879402752536806244249700000023390120240529172547021000               
013155419338113494245128518800000041523920241209134451030602               
013990510499886380683978955600000006283920240805133622010901               
014204385744033001748753202800000033685020241218163822030201               
012530896550738781798281549100000024036020240706034924010101               
018599890143483103399867118800000002502420240112153102020601               
013347909634438379007936585200000021304420241209205735020302               
016701571823824783395712696300000036695720240330023701011002               
013891988968182064296679816700000016340220240821195344030801               
018044537902258103311807588800000010896520241204234908010701               
012229203065520278682399124000000015369720240225180140030400               
012199450388295477806608328600000006907920241219193456031201               
014762393143104103874929231800000037335920240630002418011202               
015474103141878809066254150500000001909320241114064505030300               
017318767152631778053507687800000013260720240205042117011100               
011942532793489948032031064200000027516420241122192810011000               
013844381076888338721973224600000040716220240820204515021201               
014887206849055944771238249900000026447120240306180245010900               
010001617929571538712202902800000015911020240910005127020401               
016877295812922282437594721000000007400220241228071603010402               
019093289623252912019194805100000010354820241022070328011201               
014202291881800939601578167100000019056420240623191635021002               
018081650130353644853113881500000005862720241223132850010401               
014560560701926426186553363400000027537720240218071801031102               
011235795321962618058420011100000022030920240224172441030102               
016150537745547372933067937600000005635420240930110343031202               
012445537060401967090164370300000017761920241002203152030602               
015929340061719209451772311800000004428020240529233847030901               
011855844335208705585318978300000017451220241025104146030602               
012106603485064270242713630200000002643220241207021610011202               
016640876684341336775267588800000033139820240605105855030902               
010561184198195958028438775300000005435520240809123221010302               
011414129714466764291755953400000010653520241205173801020500               
016923242549522952614652827200000041966620240525132559010202               
013062388227953683667293165600000021111420240130013359010601               
010399074443275821790145788400000029984520240704124507011100               
012535959323225656362377848100000030508920240723150141030701               
016919473689910408449542669300000029408620240423203349010102               
011064222146249935493317914700000049297120240722091730010501               
014710691857678479759241247100000022569820241127043817030202               
010073892113566898956041868400000036057720240915082053020801               
015102744890675019525022494800000003394720240402163344010500               
013132883550963635026248754900000043496220240607162445031000               
018460166921559917219156034200000013593620240719170812030502               
013109431369127163625341445300000015328220240211220724030201               
017178855949429700946142849900000010603320240924101551030802               
017075094294238998773897699600000038935620240518142434030900               
016294189811075361662837421500000044724620240317041424021101               
015366174562204783787148069700000021536920241017101122020802               
010423966138203485900761949300000010800620240914162033011002               
016706823905216847653922549200000001894820240203085052030202               
015158094271139873784563412000000047236320240320031648021002               
015050366149092373311737849500000048544920240210041313021101               
016167032342241049621245493000000016354720240527230215031202               
012062158299445044071809240600000045335820240825181422030902               
019525012953116004829910337300000016485920240922132421030400               
017989520032467713482132492600000048160420240705212438020902               
010563603250883252123132621700000036079620240624083614011201               
012560712047306252808639676500000023617520240603181755011100               
014696492765168003826331069600000027976820240421052136030100               
010569799081189050686590245300000014038520240519163626031200               
018161754495408532394772365400000015518720240504052447030101               
019456906568454154483681554200000039951820240731084830010801               
013614918399711963296229558300000022313220241218140406031200               
016942788814844993374379738200000029385620240814024139020901               
011773323063223176431962898000000024248320240330020912030800               
017715178706692839575679646400000006245720240729025706020501               
019008410130329908941113389600000037210520240411145830030802               
012585599792083476578154690800000022568320241210171928020401               
016550151186829484791826429100000002549620241021135431010201               
011541767641753273135011147300000044560120240411225512011100               
012520606613100379939041936800000046780920240609041604030500               
018185465960175895871328099600000002747020241120145843021201               
014903335488579254261328281700000033539820241018134005020302               
012854458209255823163218269600000036009720240516043147030700               
015658450793547466574094647600000045785720240101083746020900               
019924009900324073159115092700000032247120241202175956020800               
013798381209255668731738756900000028475320240925210722010301               
010747120164139341451188503000000002789520240606193256030400               
013530330259483717305160960900000023719020240102090427030800               
018438510261464814048423009200000032056920241010203945030801               
019498964999127288818278076500000002282020240904031601020301               
016994237576337282006935412500000022609820240602205501010600               
012722278078302938196766170300000037674920240201042342010602               
010936894594754045951696224000000035122420240503024344030201               
016769182341135178532368207600000032936320240509114601011002               
017214796836092237988642083900000015021420240430000606020302               
016060740774608697619334091800000044597820241226114307020902               
018823644591136228736549322900000017442320240917151025020101               
010807058405952913665178282800000000169820240515031056030701               
017559610953296780221795968000000035554720240908231428031100               
014069710431048894948984836100000038395420241002035835030800               
019253656479455777587650326800000042220320240805060425010200               
012761410541046215096407493500000049309320240329042612020502               
017988596022058948674162673800000048719720240903220539030501               
018798864836986810618645935700000011700220240111144305010701               
017423629157933253436672511400000001221720240119144320030201               
019139654862022210355695409600000042697620240704160206020401               
018281425856483580762462845900000005500420240404040307030802               
019757632186074380990691003500000036225120240712025324010801               
011222855497366168001061502700000034772920241218032953021100               
011617794677219036287832938600000046580520240128232937021100               
017414000435216617043910926200000016452620240804235730030300               
019758299485108374182197559200000012381020240928055300020700               
012386007262868083057401796000000036996720240408025055030901               
010066034602089966785889508700000022999120240424065113011100               
011334259981607847381570046800000016356420240324164532020600               
014136981037702460034637850100000020184720240922100752030300               
011396792421236996072057690300000044973720241104041249030501               
012385683866732381345151954200000017617520241025175419020501               
010774871706093773433780102200000018794020240906082410020602               
019704332749423620838302175100000041835820241027001748010202               
013581822510007236744700889100000025491020241108160930020701               
019261450669849004824477001200000011730620240202035930011100               
015142385283429755372568136700000013882620240131121346030600               
010733663679899279354532270900000014574520240816042323021102               
017625386737518330864300518900000009742020240508011754030801               
015655001600433299964351984100000031301320241016115426020101               
012960160303991972210300646900000041343920240718133703011102               
013105301005937023461261763100000001683420240718221342010902               
012880256088621627002499518900000045666420241207205607010701               
017135154395285417108166653600000019481020240227191350011002               
014517451559314463937566477000000037396120241120175108010202               
015917934238107434909578133000000022619820240205065753030202               
016016595506168462481408149300000039559620241002141032021102               
016504310855954997672367290100000024684420240526221623020100               
015674593759231691771051012800000044525020240702103159030801               
014227773079233583614742209500000025937920241012133149020502               
019560453722830501183349964200000038723820241030164124021100               
010025674048435698808094137300000023109220240727205322020300               
012468705370089818283644338800000004869720240423014735011101               
011969408583883281395654185600000000111420241221133219010201               
017574386237947541141091637300000034089120241103070709021001               
019284607711316381786450881000000040526520240827191449021102               
017706572083434661006096622500000022531020241003140734010101               
010546959213548732376014726400000045845720240714154050020702               
017926822229433759564860033000000006522820240827223832030402               
017582983685206626529022540200000017862320240801124516030900               
016694718127735065892645846000000046582520241222030747030400               
016297282272705688651959811600000028619120240517101914020302               
016038904621012932197832812000000023324620240128135755031000               
018934145242357495916455106200000008061720240223043940020801               
014328991745575582614272780800000004441320241120050908030401               
012440112436315921396177515000000022053020240708021029021101               
013281496604797547529098690000000032621820240211053808010900               
012994626290410866730939965500000004749420241012052302021100               
012589619682362253016502098200000034802120240309082251030701               
013844576720768360426645222700000018112620241118233431030400               
019742641300717024952942916900000034423020240821191757011101               
018910705700131393531714011600000033620320240312051151010901               
016862452461950673944347514400000007109920240915013837030901               
018067360930750486276117805400000005484820241006124047021002               
018405041249174419141569029300000038091720240709194506020702               
019325448506696467806823962600000007382220241030024641031202               
019881556806862731503609276300000037980520240922045629030500               
012664170135636885554197985800000005163520240903051302010100               
014580062018289748702106609900000024683420240821020422011000               
019328710589917569918716424400000016414220241219233955020100               
011094040194657783623144107500000005167520240814102046020400               
016225419321784133348441047600000033135520240812113759030400               
014692453884509561185013175400000049427120240921171405020601               
016119359695046405964073562100000030028520240219212807030702               
011427335172610626640443062500000006846520240527152431020100               
019531109723065490469788985000000025623220240615020938030900               
017862362887743535515066314700000034021820240123020119020502               
011693648891417648611530923900000030773820240212115559010501               
018286423520020674717520516900000013271420240905031340011000               
018452713788221996854819191300000037886720240722203648020901               
016374949752330806588193439100000036423720241230132746010500               
010913285206280423527540401000000044324120240507190301010800               
011039123984847938367837472800000004063620240919140723031202               
011372259213515294318069302700000039322220240107010503030800               
018530160097466757685785521500000023594120240728023340030901               
016744439222486518105829231400000037125820240702130931010400               
010517161644405335401891631300000035510720240926182409030901               
015457881703424310359724586900000027202120240628045742031101               
012182952339117358913096847200000002467620240830102653021102               
017297076926184304619914286500000036144620241030021412031102               
015050810396492509305254178300000049809320240516033342030602               
016270506348940859520747634000000026626820240812220037030401               
017488874875585454760274881700000039319820241126171519030701               
016741496981634087976180666500000022675320241130055646010702               
017098650155584232946639734500000041334920241124193048031001               
010946306283236673874724389300000047993420240430232118020801               
015767228446374295697332141400000002533320240403070621030302               
014352846671941008616965741300000048511820240410175935010501               
012559711892789728575618074000000035175320240306215721010601               
014302557711887421051359199800000013915620240905070511020602               
014275567773129861522364400700000029651420241011061839010802               
019475910580137371501548563500000045693120240117200028020500               
011924246668305998738613308500000033341620240207215234010300               
014566489077258869986143288500000012458420240921044031010900               
016464908244883017886403453500000042887220240529151932011102               
010908933779393815587867226000000049669620240121105448030902               
019090427762990737217664747000000017606920240106054238021201               
017630015229634436984586694800000022997120240926023758020201               
019619292438590435972494740700000029360420240510053721020500               
017880703917904813947018482600000032812520240722212828031200               
017619930419242747413096253700000042000720240530141818030302               
018128204938313699019312437000000021234820240813134012030600               
011024798015657705713869165300000027466720240528131645010302               
016509759611360526011108009600000010031420241026150904010400               
017634407803598038525131038100000019758720240603131434010502               
019363321210051926262419784200000026492020240908152148010600               
016844106116065978049593931100000018664420240526145614010302               
019173208247003007972074776700000025863520241120060050010102               
017221749323554464518426399000000030024820240128214611010302               
013772234301542212300001526900000021009220241017091818010502               
010837058881371067278789500800000041572720241231163212020102               
012770040006834006855982497700000013756220240713192230031200               
016882121491255968056471048800000019986520240614162505011101               
014970636933657210466959788700000006198520240503012311020600               
016819305430433825414022450600000025107520240529115356030102               
019320932301406073328617947500000031439320240928054323010300               
013266568862243224805617515000000025341520240426090349010200               
017397597724639581713348259600000038784720240105193453021000               
015949415575271855174784380100000037523120241123163657011101               
011343509772023293099704592700000022874020240301223221030901               
016070710143147858982799639600000013128320241219235219020900               
015177815915882992777405435800000012572920240328092344020700               
018685209559072995754379369200000022593720241228154536020202               
010066411110114461569474800100000002551520240209025027011002               
017295316037115888487860837800000001898920240414005115020802               
010729864295623564632724969800000018312420241217014307011202               
011987717786827164530868885800000004467320240226020210030800               
010871767936767994690584169700000022420520240903215210010401               
018132899923102666447165236900000046016020240401010428010400               
018894327282924792947321858500000012027920241003232807010601               
017789433260363794209271550600000004534220241107021935021100               
015669956964164826695338772600000047220420240130073727011100               
018879761035821493849028778100000019269620241021200723020800               
016199533710024089493637830000000046730820240102064615031000               
019271446341103752253074004600000021851720240716220154020900               
017666910313784388674557710500000007925020240730075502020900               
017019141784643480038909603000000007375820240227120356010802               
013119094778160842655978874500000019589320241225102359010800               
010097263653189236396072900600000042877220240809065228010101               
017231454390631966024621861600000038423920240303145139020902               
017899868738182729733803188300000037540220241120220902030301               
019317174103842127770656187600000047188520240313231645031200               
016958950672625030991025821600000025676720240726004601030602               
010428581797071473179425263400000023659420240501182016011102               
018206579594169671933636426800000021043320241224191831030702               
018458723010602367198887219200000044009920240314200441030200               
014414468838184375042164437800000003611120240707184443020402               
016333817970037244165562017900000006862420241204234314030200               
010864148959275904009044849600000006711520241206093914031201               
014969507838127746695210021400000028661820240403032924021201               
012479027304327171541680942000000032047520240126140601020701               
016502033631266628589667771500000041866620240327173223030502               
017014597429031543217563875000000037354320240405195136020402               
011162673757463765713157800400000040729920241108204108031000               
014544383997375610699334576700000037410120240112035615010500               
016309748973518418701444635300000017048520240909000747020402               
019934775958843873558310109400000049565120241107132230010802               
016303717433358412203311144300000025498720240221002903031201               
014451644651613862974336216200000033435020240215194332010602               
013276847445213804451704011600000026407520240802030601010100               
013870302200556442930955916300000040422120240112070836030600               
019538341556482153301277593300000027801720240825104517030501               
018833022514087189405866502100000002785620240818081829010802               
014469112730548523018664880100000013599520240508012116031201               
015869890950196322117095375200000044019320241031165505031101               
013581271708907956544096768800000008104920241212082129030300               
010622117275178870445226959400000005469120240618231138021201               
011565057569977608643920914200000007171920240530093356020402               
012159732588549609777852400000000021027120240116221418030901               
019977288640977584504775509400000012575420241013110655020100               
012974681945844685373963642300000029158420240124155239010502               
012545977869155178816565004500000046149320240330131455030402               
013205904351984948052316073700000016281120240309211617020201               
019910126314703360349878772100000019958320241218135835031102               
016118563092857773275776900700000037329620240825124703020600               
014091784363935845658447742000000011615820240410032206031200               
018422926146536885580020776900000039096420240403001344031002               
011429602620542855101370430600000017646420241001113006031102               
013620293180593269555645912400000009158320241027034756030101               
011191490540652041410350849800000042951420240303023136010700               
015931211488028117155672658600000023992520241213074658031100               
012251291716189275094431408000000046458020241013144005010200               
012313145775168841680611435600000002272320240731044757030800               
011987352433089511419392929000000004515120241225074244030700               
015039695847800349706868251900000008933920241215055756011001               
015309802533987016811534506700000037375820240811062233030600               
015310928130149517110373273000000026546420240627093607030402               
010059204916634227938142406300000037237120240219012053030901               
013030461588804880744463246200000013429420241229180930011202               
010999838829954419722649772000000014121820240209182402020701               
010633758152592366486963972200000039596420241209205501020401               
016419293286858997020713363600000043801820240529124832030100               
010528438140784537587256117200000038037220240604134111010102               
018834951409086195079739875200000031215420240808042303010600               
018984659693039742290230316600000019184120240127223618031001               
018442846266030570363555772900000018497320240201081524020800               
018366641021401524843124045200000018662220240618110131010101               
012295148096090776160396351700000005932020240628214304011000               
012792152721927150996005679800000025393920240830060322020200               
015784390677772629752869904100000028537720240530044736030402               
015602005575507674853350587900000049561320240824005111020702               
017953184433423806446714667300000010883520240818020609011202               
016802007904802772772450835400000048709720240426122923021000               
017910955828962375441360859400000006376320240525112028030502               
016939803898171525990176205700000044767720240418071345021000               
015157629217069156464126995400000022848220240108043851030301               
012428819458795299323866230900000047811420240712040653030602               
011803600765765395804812240800000013743320240201223650020202               
018754884925883053494673497800000045132620240403185121030801               
011599984016161830492858686900000032855720240921191144021200               
015522936860245913624750811800000018973920240623210925020400               
011490446636113581318992620700000038066920240113050420020502               
019928582423411124111463770800000045979120240714104934010600               
014609234459170226674042212600000003584320241228144220030902               
013258677905372858232655435700000046880420240330070826030900               
012657349548356524037477403400000003646120241213145752030600               
019720364439858191389655827200000001662320240705205412020201               
018228660755217926664868633700000037807220240729215038010402               
015172145266965395935656191600000018317920241025220253010600               
015390868199479452148790352000000049165920241030134005030300               
014868881467137568469023032300000035320720240830154357020400               
016657173919760283781927406300000043467620241202055022030900               
011444048238945846011783249000000024860520240102181109030200               
016610131023302339134416680700000037919420240128113434030901               
017806254956604048426080730100000020402520241114091845010900               
011817640765460783878217693200000000982520240601153039010601               
017427367545505452040258443800000036590020240209151919020501               
011005333847315313782215421800000045928320240801113619031202               
017234993258134947036442013600000000462120240620175401010800               
013508090367728855747099869200000037436320240824014744020602               
010710033625199135871667174900000028551320240916041739010500               
012193361103725983413296115700000006569620240312072634020600               
019664447434755601437645563300000035687020240618093028020702               
013590516814923780749863197100000040541320241110095955020601               
012735052284263790892310285800000008742920240919183400030600               
013349723842290812251860365300000035311020241030202014010500               
016009244045370305919226186600000019545720241204015740020902               
014814692289669148985783555200000043145220241026094630011202               
016541069784389540633731319800000003627020240219065527020800               
019211182356328655188135496200000042844320240114090649030401               
010202969229273942449488109400000049832520240113021208010202               
010433906893884048167714778400000012896920240307023753030801               
015631592475472354077077881700000041413820240203191054030301               
012533135154930848000451007600000029543520241227015351020202               
014932581735587805738228235400000029317820241212234806030802               
017354610127291638281471252300000017200520240915035002030301               
019973808440064436536463875500000022993220240728054749010702               
010331747770703250851009806900000032453720240801161051031202               
019649923593876913425875322900000030304720241226083610030400               
017399023856175408794817092200000011043520240920150533030900               
014718521149900189585838991300000047436620240618100313031201               
012709833799897972234555295300000010461620240623183935030100               
011756978639316632369704084900000023037320240924181136020601               
015166128247302875631961539900000029802820240620140659020401               
010087288517690266180366075800000014640020240329014239030102               
018085356019558810184714313200000014237120241217084952020500               
019979198958696310941828115900000018411820240124204625020300               
019378326333432195194935282500000027911520241009213503010300               
012997419635561019409971532200000026128820241229050102020100               
012352964363235384822422531600000011315120240322182504030901               
019662255005447062886035497400000033616020240603141924010802               
017620462989640829117064104800000028974520240803012915010202               
013383568764183015470268153800000033929420240229101134030902               
012420363301179318727924110400000003378420240929015815010602               
018590980311772473933307520400000037277620240215051618031000               
018274170274693468411220605200000031410120240910223759030202               
012889049718000486231505701400000018188020240326201012020302               
011402192332770818699305063100000005567620240201022331020401               
013417408579496524222106754500000029181520240811084850020602               
011138407229087118544524591400000037274720241003183626010202               
015351002294971373724601774400000025677120241213095644020902               
012725945047818939723079745100000023961720240903191938010800               
015743133220909318448560096300000010436920240418230314010702               
011060816779335558755638653700000047388920240706215633020800               
010659866059118986437965908800000026919920241009082300020801               
011748044549901104149564297100000033900820241116111746030802               
012377185087659301971733437500000018655220241009174919020702               
018332436150500356705983174900000033310520240831215520020100               
018374461375241806495520417700000034003020240830192938010202               
015828892201550003314915756500000040096720240126014931030202               
014564841448464932818220131700000025816420240216143557020102               
018655306976730171243553473700000012530520240829004554010300               
018552131661356948538934982300000023231220240814092206030300               
019602947746919974458900899000000022738420240408002330020302               
010294256307503432323786569300000038988220241122000740021001               
018179992593147708706111495300000042103920241003053908020902               
018367344469910409402575981600000043558120240126020038030800               
016606323880507250946993366200000011223220240421040526020700               
019386918503426178486391383100000013623820240306142225030800               
013597716126941036763078524600000003896520241207062026010101               
010393899508343475568130107000000015838120240825033136020100               
015797569963631939352334170900000030057520241122062305020100               
017309249246649772436856202500000040499020240805025042011000               
012912663795738165683879534300000002475920240705150627011200               
011687002791941005958943408600000025885820241106153138011001               
019268341659698231968528528600000049479920240912125059030502               
016868107557100760800604817100000036441620240521153418030400               
013897027529743085217221228600000024830420240514072000020901               
012724646827028616997712647300000040606720240215065252020900               
010228624370937108901874482400000023042720240824182531020500               
017688474428406240949252256100000019160520240502153431030601               
014008055068551301904209096400000048304120240628162521010902               
011167188983786748910144669100000009358420241122032450031101               
014692388216171152533718049500000020089020240908163029011002               
010425066938873915746366559300000004585320241124202904010500               
015330735451184142616797920700000029194020240606001732020900               
011189478930949468383521010500000032102620240301194532010901               
012778265361249004659632275200000030064020240618054935031102               
019063680228324452857582574400000003342920241204195336030602               
011806826701047271529584820300000002926020240507151411020202               
015903028384299939590582515800000008230320240806165325020101               
019341533874559998287682307500000001242220240303054919020202               
011118600750055549165240265700000035986420240223034038030801               
018593951828868975738569279000000040681420240705112723020401               
010087309287711109530191800000000017566220241108155754011100               
017081482042090159192655498300000006652120240603150500030100               
013004155013185999608807381700000025004620240925212250010302               
017845386219754155887726088100000044748120241022124829021000               
015647205438330035559562409100000025436220240130175542010902               
016122226779491849280989129200000049482020240502124603010701               
018494358575195103249317843500000015403720240314070506030502               
010892923031904277279468854300000043252520241202010737030702               
011151249959320867030909533500000042278920240817235852030300               
011873867214695790145282101900000009175020241119012546030901               
013817198004097040677163134400000027766620240206083649020201               
014236886468370986019210299800000009951220241101050920010300               
016722158454796825906675157300000000496220240618214336030602               
017527327854532164262978272400000024639120240821155936030402               
016971105190405180655965212000000020156220240615192805010302               
018243007421391462797495043500000045641020240523201927011102               
018893142729398078268722414000000013233020240106075423030502               
013890091686807934461643631600000030862420240219011553021001               
012581646851680020456820677900000039316720240601160619020301               
010001164034013478306025841400000029412220240211111445030902               
011341298388972844776660695300000029420620240804165741010802               
017901736835963821647599256000000029546320240804191200031000               
010028954049742258179055271800000045033520240521224246020902               
019869488761581992500047293400000020081620240115121626030401               
015615141073606377474766306500000046072820240208060112010300               
011943878396216622696609456000000028130220240912085030030501               
011302261454174790908548107100000000892520241016222228020600               
013074247885315949308083827900000037902820240606160955020800               
013639376989939951623830142500000035593520240303155953030301               
012301910799599455145168031200000022681320240928094442020302               
014567121476459203001527450900000046965520241008130336031200               
014002762602695417623146571500000029739420240307032549010402               
010600178139788576477307757000000012577720240623073652030900               
011792436901656731028042128700000020693120241003111814021100               
011590612326504054498577016200000042661720240825080138020902               
019501946022765114447797587800000022382720240328091820020601               
015851136362153297449288180200000047243420240227163944020800               
011227994493886190514224181300000005253520240317012140030601               
018061604242639963031198737300000043852920240618110310021002               
014827567754456608822547019600000030790220240911103742030601               
014788531134355417576305282000000017669520240527064637010101               
014305835246750786396504872400000035183320240827061309010701               
014917778298729750931653444300000028305320240908054516010602               
012251961929299243100920818400000020746120240723084414030101               
016101525992243767341038920800000004313220240427200436030402               
019455003956855939060301680800000034962020240314230630010401               
019189109739838838290961441500000041218520241222064741010600               
012976466796927203199928063300000027246220241012151958020502               
019020280847639946903344661500000012996620241215135120010301               
013325098059885802945495040700000018184620240807142655021001               
013061486934805330747123921200000042991820241204035405010202               
011484338375645436146061523100000010168220240627131001021101               
014080904907647401279227280900000048021420241009222353010302               
015047406561989252697437390000000015423720240417105428020802               
018493657794960171971247230100000000286320240712065417010301               
010834044377352686026568766900000020726220240617125053030901               
018517686337737583491151539200000029862820240220075504010101               
017085024841936536335466284000000018503120241021052114030401               
015024331730349443349903673900000043006320240814121537020202               
011172401397282928920989074000000001548220241121023707031201               
010784280519232014695898387700000027050120240515063531021101               
014568720469134328372593866800000020527320241121000749031001               
018633177021092627376072509300000048797020241021160514021002               
010635902520604517256731887100000024343120241018081022020602               
011289729024030438270484277900000025081720240323212329020901               
019725635988887574822765618900000005457720240411185613030200               
016493672883503480840796398000000012503120240423203934030202               
019604331432302544556123788100000026408020240315011040020401               
011687733534631331198496498500000015795720240419185027010701               
017314817822202153973276418100000011847420240106155345011202               
014483927694628359814138646200000011541420240331140344030701               
015072948891740327498995995700000043162620241216080955020302               
017203037813317592239059335600000022566920240817083402010102               
014002672150056604733394347900000014053520241231063038031101               
011752132695857127341769486600000005764620241114093848010102               
010039673264853160014186253300000038756920240118021010010502               
016950501659008897165886798900000027657520241230074836010200               
014825841213825211330863896700000000240820240418053156020701               
013207828420902990121231801000000035579120240623233749020501               
016459518774498794396330299800000040486320240408073417030701               
018218125410047562523007659200000046403320240327193018011100               
010481234424980290545944811000000016250620241214142118020402               
015305270534939674397457657000000017897220241229051824031001               
012804126434861585416468256000000039039120240807090651010200               
010984242631419455586921198000000008492720240422044425020801               
013766378163758477703615985500000005080220241209233606030702               
013776469151931803633803263800000000053220241103122707030901               
019206516834712843236545133800000035015920240120042409010601               
010935559390675704971096207600000023119020240325175229030700               
018144119095435217712107101300000009897420240526032045031200               
017180887605337143894949551900000039292420240107012954020701               
013899108122470289153132560900000045496020240619095838030900               
016809579251818699336044457700000000926520241225200356010400               
018798190512423422238017500300000004939120241105123002031100               
015026740548273381526029789800000029732220240610141115021200               
012086242505282414423122071900000010104720240609011845030101               
010718400289677801223113674600000042679520241119042130020402               
013452601230538012373756130900000037363120240729171225031002               
014652696637994980586828162500000048743320240210050950021001               
012434708243539482560300972800000016930120240819145509030400               
013968483056985852192734190500000011045420241120054137031202               
017825287457106747033910446200000028682520240908213200020402               
013246455023658228258561717200000037396920241231184457010200               
012365178837592539683814409500000028537120240128145319020501               
011426175466437208303748379800000035264120241119024729020300               
016102334769645130514702202500000031406320240202170052010401               
016556116858731432893662663600000026502920240703050411031102               
016796788882323364390763501500000005172820240906061128030700               
010574418500164664681267050600000047103120240609145829030101               
019453619923005203008193598300000017122520240228081209021101               
012441585872906222780203723800000020898920241119193335011001               
011694908803867715185073510900000045957720241016181622020200               
014338593291611283238741354900000004984320241013022528010701               
019351846512915322687431064200000032402720240217002429010901               
018956216853992080502416494100000034235820241116105925030200               
017808092529253837268056049000000029877520241110124401021102               
016650161894821980065764139500000040546220240512164347011001               
018807435348111566538116310400000024909420240402081309011102               
014639788364032658912143981500000038273820240308151220010901               
010010318366907957739390867800000039750420240730153305010801               
018772131652454889632133438100000016265520241029112416010802               
012361534611708297303814436400000031854220241216000106031200               
012328260049611418276525374800000032427220240729044145020602               
016087088104901883944242046300000001765420240818214302010700               
011542821684304860440663485000000035991420240414153030010900               
015973547025080485364637347500000046484920241109140038030200               
015378428343923777317087368800000009825620241111000959031100               
013106699756533066350556410800000026752920240424074152030902               
019923980233780090254034203900000036999520240421114404010902               
017301467935692965246610070300000036017620240225113422030901               
017327867135632120433060482700000020761720240130193014010700               
011676883797015949325952908600000002307820240509134057030802               
014487535299137167234698439500000035826520240504035719021000               
011691133662716922992006313000000016727720240711042254010901               
014248398205441526416342166000000001058320240206153945030401               
016152766562715503252916398100000005406620240614125139020601               
016708421004546492188830172000000013115020240730074135011000               
019215026079045785729807527100000032621420241213141204031001               
017279552214500382391800991100000015181520240430015731020601               
015137759082633030341077310000000042663220240229214246030301               
012141269563460120719136051600000031495520240407215152030300               
014072015898214783082117346700000036816420240112215036021201               
015018879754831947256150264400000035436020241115094131010700               
013085007812751981706941997600000015336920241219143402020400               
012579367102795571817572177200000021600920240908062311010902               
017852454138622714777344499800000036715420240518222845010802               
019758114247538107491059325400000001523620240301144310020900               
015899752028737524286691758500000019496520241104203131031100               
018492781720441944220613347400000029762120240723091658031201               
010511333945455613294138607900000036673620240104112942031102               
013712079641459841681778215300000048198220240323001604010600               
017644159664456347035141232600000033398920241024011509010601               
016911662932621758166271499500000011833020240705114945020901               
018085443091625580259479705500000039846020240211145652030200               
010785784980481252289359267100000014408120240613015107030600               
016148460789271404979838098400000018191520240708124613010402               
015052767275974085164628997700000024478820240904032509020401               
010930926935395401480132747100000046869920241230101956010700               
016484048262982577839048698400000034941920240407072939021000               
011083283992759374318327724700000047831420240520054253031101               
017046113975148136350203968800000024959620241230111915021200               
019841724151114860895787762300000010399620241116162512010401               
015774975159398687251911518200000038565420240412123152030901               
015489866373703274768026536200000019198820240330112317010201               
014302830973619912015849347800000047561820240328062116030900               
015193402958049102090004981100000039165020240905024346010701               
018345489946444257948902014300000012688320240506065213011000               
015312427260907547813319650600000025171620240215021849010301               
010965260610914542408798241300000044827520240904134337011000               
011391731123991711737465778200000015211620240803171106030601               
010967559222976858656744257000000001220120240831060545021201               
012133178660688143791161954300000020287120240603195633021100               
012761088441277303408908512200000011659320240519231333031002               
011188636487737930739648813900000040058720241028173815011001               
013165913797087152106402586300000024965020240921094213020701               
015988623095105812934734152900000035580520240917040906010100               
010400779632502415346269827900000025943820240212144221030402               
011138659431118261037436470600000041316020240305135130010700               
017410303181757498882926214800000006879720240523032823010100               
014682497491492020736599540800000047992120241002102554030100               
011427192949314339404912685000000035452420241105174935010602               
014140418121299700215854692200000001084720240802151442031101               
011785987875994232945114395700000030341620240617011554030601               
019053873856930776455748444400000025249120241027202221020102               
012477142756727563561864280100000001213520241226222439030301               
016453244230912080558067050400000014718820240210165709030902               
010303301568499182606318213900000025955820241107053728030700               
011992012285811682826474258900000045572020240224093035020201               
017068576143451449691577348600000047661320240724083358010401               
017724747964178388090003159100000011774420240805184710031000               
018037998829342711391064141600000033562420240906141238030300               
014154831457536473239363291600000049393520240103114945030301               
018191523845212038937100342000000001705120240616145952010100               
018208240327370637790794657400000021960120241223162050020502               
015424015174843597023762757400000040879620240210122738010900               
018337584498828830692586410500000030192620240901002153030201               
016557024310476962086381477100000010141220240805041932031101               
014259778645647735271629209000000039651820241210154016030502               
019803859285257656409044205200000039366220240213060215010901               
015018674411208821123061913400000040379620240503220646011100               
016255435012223338886297458100000018100520241021160623011002               
010908488654705982825503510400000039981520240726062634011202               
012554353389298538149450863300000006957120240609085742010501               
010528070779696991815310101700000013866220241011165908030200               
015893779947650491879200878600000032291820240220154813030402               
018917536334117290878591803100000011755820241128171729031201               
010837606671620719319867013700000044002720240121154341010202               
014646453602455809214691482500000017300020241006045224031102               
016722670774964646246016114400000026019220240301052954011202               
014774940346592041189187022100000038221420240701112453030301               
017959361453575395421307558900000045363520241017072203030501               
018546144852935501659636462800000027134920240916093555031101               
012972247170140059639677247700000029884120240329180631030800               
014015852906318335411326184100000034570220241217070453020400               
019304544358679829987625504700000008467220240423021140020601               
016125384124353447847403860700000029000020241218090836030200               
018218743477235582680772037100000008157320240404130039030600               
011797312869906337768096135300000001905220240814142131010101               
019941087000046786576591454800000008591620240120002919020201               
015945383164889686616002530000000048929320241205123119020201               
019238411753172438082005106200000049790420240128013327030802               
012687225981731293887997002100000005004720240704202639020600               
013191694315900397159693341300000031024420241106095202030401               
012440358268024712932896682600000037754720240519133546010801               
014209224108931232069841518000000024015020240606122947020900               
019238544873041533066124353300000025641520240702142520030201               
018892841227795087303401684100000015946420240625002029031200               
013769417278147323560154507200000025169820240528202305020100               
018185410225865524917618798800000015777920240113052800030401               
012258066709076977306811919100000016780820240902151458010800               
011327706477138612577404464400000028322920240612234845020600               
014085762777238544835963223000000010961820240426104229010600               
018906715223606544583281898200000001244220241204211553030602               
015695271574241891281899982700000007201620241010012242010201               
014217240615983389147566620300000006876620240606110216030601               
019168333985281774239028324400000034532620241124221209021202               
015990978238456255506115343200000046365420240809070038030400               
018723451970937213922584348300000002812020240521234859010202               
011310533476003997318219227900000027009220240704195308031101               
011073272852874032233394243800000021369420241110032034030302               
015982492726658304178256584800000012905420240126050339020302               
017027629308967798412910193000000010424820240328233931010500               
014943514307609386928668123100000005684220240924081858020501               
016999001401916047994087441700000020242920240225042842020301               
019935458921673648885548914500000032715820241217151512021102               
012770386000875713719990549200000016371320240628054352020101               
017568912005633301696768328400000031240520241007085936021200               
010202790712964498144559311700000019010220240302111944031202               
016547856704823797973109597900000012289720240202161936030202               
013868690774234093415760184000000034033020241004014650030501               
012596171173865782256615039300000002986420240629162607020500               
013279358350408321314858528000000005904120240623215148021200               
011658923871421324340455374700000011793320241222012444010802               
013638299116040409852638931800000036049620241229071552010702               
019221636129273176890708824600000007821020240215072919010301               
011023756765230856042773840900000031139620240306074206010200               
017419306160974693031788694300000044798820240527165350010900               
015088171793000836378712578300000016967820241018183538020801               
017226376506716148921814677100000045486020240111200556010301               
014816079185622359426795589700000044872920240615072154031100               
017972095270250720646215008800000002843820240308021927010100               
012216123303318325701654291300000048576820240131163539010102               
018361661351002197757231828400000028842320240913173949030302               
014450485663311661896251576500000027183920240424172401020400               
010808952315036438772104605600000048273020240408001650030301               
013058408204885992516927454800000013613120241230035407021100               
012797554292857172840666866800000036178320241209133002020700               
013162655515579907722167504700000044698520240815172042011101               
017403054569107116056301702600000008483620240307104600021002               
014467467865440021560724273200000018752520240205135034010702               
013994894276581331945651753600000011439020241024053622030401               
014837127843564077430303485200000009340520240610004749030300               
012650142825346717301766260600000038682720240110061117030702               
017341389238527924583948918100000032093820240519134555021001               
018376731009484237734150286800000036441420240121224433010200               
014134947255130306059593237700000027218320240118233555020602               
010416628800828417254190537300000010465320241202000400010900               
011799583198876416826360595600000042068520240601134453010602               
019652830336031214079145544800000037472720240421174555031001               
017813998387168016573203914100000020357020241129233237010900               
017398691782250400906570745000000037733020240909080433030701               
014963643300959358797486949800000016115920240714204419010302               
017382588315887057158012050100000042607220240306065645030400               
019620830996512586228302820400000016733720241026080518010101               
010907138378724986731465629600000034719020240519213148020900               
014739988830636738435719890000000040590220240930041322011102               
012544074919977982006081813900000048748920240909084125011202               
014746927756243711743308520300000006573620241119114151010401               
010549219364323114847101547800000016901020240718231906021200               
018275523042966391157177647300000001668820240703063132020900               
016768403293840490414438740900000028158620241229043031010501               
015227872239077229640445846600000046217020240119223146030102               
010427643804662641804458561000000034910820241104210802021002               
012587825961837834023109269700000039466120240524232842020400               
014999603431231913091172584100000034867320240812151728011001               
010166552376316820508915255600000011457720240228214601020400               
014697159793935909384471855100000019682020240907120111020900               
016614912965518648258202881300000000501720241101193315020101               
011447304587598243679457402200000041280120240412114200010500               
015029864688234878501786742800000021775020241116014247031100               
019140023992032205211691807000000019769720240303130401011100               
017741346967496340587378378400000015381920241013034303020901               
017332370954987652858593069800000031446020240531000352020601               
015360727182001594335130152500000026951520240818072756031002               
012777178388571177770428476300000007604520240523170419010801               
011654109776660046130332246000000026219920240703032700030102               
016674686180554656239201143200000021022720241110083310031001               
014750644945296747880755272100000005724120240227221924010200               
010516694847075409657111106500000021127120240205190155010602               
017638552727170558365035013700000049508520241019231014010202               
017234042383664630437483321200000024426620240210094541030502               
018734363516310756600799532200000015741020240707121935010402               
010666659841429219669800687500000038468620240101005939010702               
013310296154893241369745645100000044809320240929114718010301               
015447850642657469799548827500000014641620241112091321010402               
019923801455666322309627335100000035442620241108042154020700               
019109967053940967990647492600000003408920240325051220010200               
016563603307420384502467350100000030635320240912154143021001               
011227942317460644012409863900000005937420240213155214021101               
017197477196480236763674771200000042349720240802035718010600               
014383657856160225499281760600000027905820240516152844021002               
015353891865082709562552538800000030239020240301032254020302               
014151116518169277950424294000000011156620240118172112030801               
012100649052555338169419454400000003339820241119205322021100               
014093916652161870951714269700000030703820240818124336030901               
018996943998084904482051752900000024377320241130041657030901               
013051316462774982005287235500000044488220241104152029010402               
013632596675879542089734338600000048971220240508202757010500               
015339491323911257174746509300000006417920240729180306020701               
012711796694885168885004438000000038751620240831121703011101               
015325528066254726235599288500000027249020240215015057011102               
017387650484210830687544853500000023762720240705200834010902               
019389769776592431637301852600000025625120240812124300021000               
017824063633548916230889404500000043059220240627223717010101               
010659098508793426892764474900000045652120240306164345020301               
017457627227106785103192695000000034689720241101134828020202               
015519896149863095847464437900000004821220240219064353020102               
016017984537378809666279377300000026346720240318172450010801               
014590208786067630147908038500000010117820241208150247021102               
016699259844634163831625583000000018516420240406125202020400               
018679849669121151884305388800000036670820241124114028031002               
018075438916697594899114897000000008778120240810083656030102               
012677953366160696166889905300000018640220240713132438030502               
011468221310764653147374520700000002534020240530033425021202               
012353927189066954445889852400000008205320240318223935020802               
014433111227778973094375299000000020469920241018173442030902               
011721414038057442148550423800000047817220241001052530021102               
014207479376122879352237206900000046850420240210203426020100               
013874684781587250705829092900000006414820241007044022031201               
016633076167119876626200346400000000121120240303232018020501               
015180349649393185932782428900000004176320240208125724030901               
015886026381369708793272922600000014238020240130031215030600               
013070891793991193127272017900000030130820241220013400010602               
010991265192234417099653421200000017218520240805061214030602               
019530539064900352016424804200000015307820241228052000010501               
015529684121956107845118483600000012684020241230212402030501               
016234888881109138324099994100000010200120240821140611020502               
017331360284683231433958689100000010050720240213173532011101               
017147496241850901906267121500000033692220241217135852010502               
011574991572669745411143837700000047492620241012125130020102               
014903441482927281162171682500000003993520241006153227010202               
013366195375069972937341554800000042150920240130070039031100               
014547547085033044958033100400000034449620241231065941021001               
014583249790082067158669070000000041934520240419122043020400               
016527373717951420535918036100000026791520241214040257010202               
013220245281508172455753219500000008181520240202150655030700               
014032737152962200364995495800000027427320240107160259030600               
012229789786777319932298007400000040840920240709140736030101               
010227288752855774963486487700000045927720240531053909020800               
019076908601374643001582017200000015327920240906080206020802               
011939114720514772087801539100000040971820240824200306010900               
017149477483340692444681705900000021788620240119061329011202               
018872075377403533905938685800000043373820240719153427010702               
015156542182628335582929257100000033611920240303170650020700               
013451453008766007094611711700000015470320241003055852010700               
014180418915016723260126336000000019235920241104032027020500               
013252396169976662990175366900000031954220241219124338031101               
012816104037624790191517684300000000275020240225140208030900               
015273667044371931066639707800000019810320241122153011030802               
014029942531974328310457331500000049871820240503235709020301               
012744081298490356717158546000000042082520240130141826020100               
016708751902242137073368818500000019020220241028055007010400               
018418950022125524354468160700000022985720240321203606020401               
013426951067300879713292619800000024976920240416221303030501               
011993115508404675261080580800000049594120241121191351021101               
015828785023757908722209937200000035292320241112033201020501               
015736935404467521761792025900000002001620240908145058020601               
014128752016176779903783015200000047591720241108150007030902               
011431888920236244847872078900000020166920241114082027021201               
017200434154986381293209173600000044586720240712232011020801               
015853976899446212797267479600000049731020240915151451010100               
013129297310606581186799438900000007949520241024010759030100               
018237183540422915312259165700000017914120241219152712020201               
017154550043107346420548791500000002381520240604032318021102               
013713356011774743016624122200000012561420241201193355010601               
018070373405196129118285627000000016680420240829095022011001               
011576855633144040111570637800000008145520240619063913030601               
012842401964296659120091745600000035268820241223143551030200               
019540641972522954220815668500000017695820241002125127031201               
013902946144654029141307561500000013609820240114194537010500               
016044326082759545531746519000000010238820240513042100011000               
012511806537599465635173619600000003685420240126110810020100               
017770972635639180066971763500000014702120240210152251010502               
015703908926795779760085950100000028967320240508183320030501               
017105545815068477518627776100000014772820240425054747031100               
018514015813410127891758588500000047388920240424211951021200               
019860318356639073107752464200000035076420240919212233030701               
011037334614503803425954384600000020841020240731085743031101               
010314110339973435140019083000000016468520240723134707031102               
012572541679326053184323630700000042863520240602052029010201               
014926402793994167354981996500000005322720240326204833030700               
013394946467184259315396898500000033297120240703090444030902               
018115768887675566098898654200000038633320240222105836020800               
013576228657358048611645440700000046371420241016161302020302               
017347869799005027707116845400000048727420240303123859031102               
011186365507726669998942640800000023084620240312172402020900               
010919279893192753728880455300000018438420240905192808010400               
016509420741158716826231128500000044827020240617111125020201               
015582064633130325170616015600000020412620241018221552030900               
017603357316041048438437459400000038689820240408215004030601               
019083027012059258503224296900000018528820240711194902010501               
014907199857613035790256099900000011179620240521211134030202               
017484272849191177448741425200000043082420241222163854011101               
013755999508636409349615034700000008793720240310190350030701               
018029185614522222211457400600000023948420241009093946020102               
016309124117964426189457137600000046332520241215003730021002               
010160768377687914601766048900000001957920241206003715020502               
019617708475395325303638226000000012034620240821114622030401               
013033493107663452877520531800000038934620240610022556030800               
011046969416308290219704094900000043305820240929020403010201               
013757409877804716909660964000000047535820240204134448020300               
012834658758029045968925930600000001011920240531220956020700               
012002703273510948558234608500000011737520240626072222030201               
012938709743565636180083213700000004382020240415095642010200               
013022326157945822118330237400000018431020241007214626010200               
014602728313079044564126832400000002863820240228111905020701               
012026176731512717342867684700000014315320240808080817031002               
010589834999781144223643837600000045242920241024055830030700               
016104116733941201746890019100000028178620240215193232030801               
019849617852513402887123458700000006549120241215002923010701               
015316782980302964281453214500000034568320241230163534030601               
012743337297830392054086288900000031514720240204103259031200               
017124707208691539163199109500000030293920240617215301020700               
011103243547493550993415567300000008460820240117115115011001               
019100078965883505161672074000000019113620240309215225020100               
012903447495720453826940620400000018494420241223172057021202               
014999918851235776164541491000000044645820240821181424010801               
012561062195216016899573067900000045286320240221150843030301               
017488859522593679144455629400000044199720240922132844010601               
017959816405270049274948992000000046034620240512155815030601               
014209812133000706624736170200000045515720240215015642010700               
013271299794801351929910230400000029050220240612175229010100               
019332447913176011406766155500000003741920240221155234021202               
014216832721098212596509676900000032844920240504110632031002               
011681314648271921815247810200000009529120240120092308021100               
011378382869636480127646972200000008135120240906132817010300               
010971938329709910041984833000000013924920241206002820030402               
010201538869976953897229897700000001193420241004041254010200               
010196284917324469298206363500000024488620240529195124010502               
014239680702439520826057560900000015412720240131171341020201               
011875149125853159219060228100000007711920241222124543030401               
017556224153362840794691647000000004555420240213042641020201               
015932308351991220126284972000000042025820240615132042020300               
011327502726594904871381109800000021879620240202213008011201               
015998644602202939227270360000000014277920240826064655011200               
016266661808220862209885028100000020350120240403225059020102               
015858348278780926197110001900000040206320240813181356010601               
011147488385594584940907283000000010854020240207162100020900               
011635878765012200341262882300000041575420240315212739021200               
016614085708484444130514559200000004491920240301013027011201               
013024037715552695049974171700000009422520240427184317010900               
018052042081982807931885437800000004768220241014020711010300               
010699843238523277730287935700000006644320240704191322011202               
011636330993415824572937623500000022527320240316042658011101               
016631822721995745680096001900000039064020240906164140020500               
017088629648941849986075144900000009658220240109073645010802               
012470784479013828307927023400000034248020240929071201021100               
014569595479107832150875777900000044229720240624024728020800               
011106121412414478047827181100000000699420241004200442010702               
011628425698345928937834636700000047791820240728154718030100               
017474187373018272773758433700000008800420240902112624020200               
012301599660075576893680666800000018208620240321052208030102               
012983842066631579146780778800000011677520241117085437030800               
013283291453611112889938715200000042184920240511103315010300               
010356707216581064263413777300000042385420240325184250030701               
016403200992612322365743455500000020988720240603234814020602               
019718241658539747068720706200000039731620240923000419030300               
017328303431386441130530162800000005594120240816033719021002               
012744746220387254559211109000000038351820240913213053011001               
016391025207571283444981638500000009339320240402153655030702               
010558990621836211768887658400000006340420240930073850020801               
018561943638035264520051102600000028367120240825053852020602               
019644653386189790530420325200000042600820241020084737020802               
017694562930862637078907389300000044834620240325205818011002               
014991443364133574735557665400000010338820241221170006020702               
018976885845382845315881811000000047253920241112182627030702               
018465728501742898254029892300000001835020240905031332010602               
018853563534634672261080627800000009118220241018033020031102               
014685026121007934735479478600000012671520240203115732030200               
012466722244224208669972885600000007628020240829135810030600               
017899626931476355839322481300000048103420240102073901030500               
013318430495497619041783834400000038139020240626145707020200               
018493157530866525697327313900000014222920240705141352030400               
019132878696753007726780149200000006302220240808051156030800               
010197188363600187629765386200000013718220240609012410020400               
011624068684691253153072526100000043540420240229045108020600               
015672922791779590062196342300000011859020240217160841030101               
013001513786741394477835850100000027277520240523201213030700               
011861100034770333901009245000000018757220241023175726030900               
014295658440897559284968295900000013593920240707180042010700               
019558419761719603451345899500000035214420240712121457021001               
010653166057758341551550290500000027890020240901201230020800               
017873593238319905617020674400000048160020241230224604021101               
011163406694394188099520776600000047130720241007005455020701               
014702005781254712054981033600000017878720240105100029030501               
019253458382962010024815953700000027748220240401181959030200               
019130269434587081690913378100000032520020241122164951021202               
010544516816784746813250229000000044067420241024121204030402               
014259481877845017582799013300000044199320240622013715020502               
017635330114080293627981989600000004600620241013060048010602               
014092754786854988457380094400000020464820241022204607021002               
019506620429015317134768443900000048879720240321032136010602               
019701483530225931448729965000000015422420240716185045031200               
016566909333566299337763536100000020678320241222232218011201               
016531267382039706019098411400000036684820241125083546011202               
015765738271551612696804384500000046907020240424231516030302               
011732410677338048933561103900000039223420241111000108030202               
011284092579007228210371991800000022223320240508015540010200               
015109405033836642223469049800000001811920240928090544031102               
9900001000447500025210617                                                                      
